[gd_scene load_steps=16 format=2]

[ext_resource path="res://Player/Player.tscn" type="PackedScene" id=1]
[ext_resource path="res://Player/Player.gd" type="Script" id=2]
[ext_resource path="res://terrain.tscn" type="PackedScene" id=3]
[ext_resource path="res://Target/Target.tscn" type="PackedScene" id=4]
[ext_resource path="res://Player/RayCast.gd" type="Script" id=5]
[ext_resource path="res://NPC/NPC.tscn" type="PackedScene" id=6]
[ext_resource path="res://NPC/NPC.gd" type="Script" id=7]
[ext_resource path="res://UI/UI.gd" type="Script" id=8]
[ext_resource path="res://UI/Dialogue.gd" type="Script" id=9]
[ext_resource path="res://Enemy/Enemy.tscn" type="PackedScene" id=10]

[sub_resource type="CubeMesh" id=1]
size = Vector3( 100, 0.5, 100 )

[sub_resource type="BoxShape" id=2]
extents = Vector3( 50, 0.25, 50 )

[sub_resource type="SpatialMaterial" id=3]
albedo_color = Color( 1, 0, 0, 1 )
emission_enabled = true
emission = Color( 1, 0, 0, 1 )
emission_energy = 4.0
emission_operator = 0
emission_on_uv2 = false

[sub_resource type="SphereMesh" id=4]
material = SubResource( 3 )
radius = 0.5
height = 1.0

[sub_resource type="SphereShape" id=5]
radius = 18.0

[node name="Game" type="Spatial"]

[node name="Ground" type="StaticBody" parent="."]
visible = false

[node name="MeshInstance" type="MeshInstance" parent="Ground"]
mesh = SubResource( 1 )

[node name="CollisionShape" type="CollisionShape" parent="Ground"]
shape = SubResource( 2 )

[node name="Player" parent="." instance=ExtResource( 1 )]
transform = Transform( -0.557789, 0, -0.829983, 0, 1, 0, 0.829983, 0, -0.557789, 33.4505, 1.616, 13.475 )
collision_layer = 3
script = ExtResource( 2 )

[node name="Pivot" type="Position3D" parent="Player"]

[node name="Camera" type="Camera" parent="Player/Pivot"]
transform = Transform( -1, 1.51808e-08, -8.60946e-08, 0, 0.984808, 0.173648, 8.74228e-08, 0.173648, -0.984808, 0, 5, -8 )

[node name="RayCast" type="RayCast" parent="Player/Pivot"]
transform = Transform( 1, 0, 0, 0, 1, 0, 0, 0, 1, 0, 3, 2 )
enabled = true
cast_to = Vector3( 0, -1, 73 )
script = ExtResource( 5 )

[node name="Reticule" type="Position3D" parent="Player/Pivot/RayCast"]
transform = Transform( 1, 0, 0, 0, 1, 0, 0, 0, 1, 0, 0, 50 )

[node name="MeshInstance" type="MeshInstance" parent="Player/Pivot/RayCast/Reticule"]
mesh = SubResource( 4 )

[node name="lowpoly_scene" parent="." instance=ExtResource( 3 )]
transform = Transform( 2.5, 0, 0, 0, 2.5, 0, 0, 0, 2.5, 0, 0, 0 )

[node name="Target_Container" type="Spatial" parent="."]
visible = false

[node name="Target" parent="Target_Container" instance=ExtResource( 4 )]
transform = Transform( 0.939693, 0, 0.34202, 0, 1, 0, -0.34202, 0, 0.939693, -30, 6, 9.03986 )

[node name="Target2" parent="Target_Container" instance=ExtResource( 4 )]
transform = Transform( 0.840084, 0, -0.542456, 0, 1, 0, 0.542456, 0, 0.840084, -15.1345, 4.13554, -33.0391 )

[node name="Target3" parent="Target_Container" instance=ExtResource( 4 )]
transform = Transform( 0.301886, 0.075377, -0.95036, 0.501129, 0.835489, 0.225452, 0.811009, -0.544313, 0.214449, 12.9415, 1.94073, -10.8253 )

[node name="Target4" parent="Target_Container" instance=ExtResource( 4 )]
transform = Transform( 0.584844, 0, -0.811145, 0, 1, 0, 0.811145, 0, 0.584844, -31.9288, 7.51205, -43.871 )

[node name="Target5" parent="Target_Container" instance=ExtResource( 4 )]
transform = Transform( -0.579537, 0, -0.814946, 0, 1, 0, 0.814946, 0, -0.579537, 30.2051, 5.82806, -28.63 )

[node name="Target6" parent="Target_Container" instance=ExtResource( 4 )]
transform = Transform( 0.125127, -0.0585279, -0.990413, 0.388492, 0.921436, -0.00537047, 0.912917, -0.384095, 0.138034, -45.1905, 6.11296, -20.0632 )

[node name="Enemy_Container" type="Spatial" parent="."]

[node name="Enemy" parent="Enemy_Container" instance=ExtResource( 10 )]
transform = Transform( 3, 0, 0, 0, 3, 0, 0, 0, 3, -12.5, 20, 60 )

[node name="NPC" parent="." instance=ExtResource( 6 )]
transform = Transform( 0.677325, 0, 0.735683, 0, 1, 0, -0.735683, 0, 0.677325, 12.5505, 0.448098, 0 )
script = ExtResource( 7 )

[node name="Area" type="Area" parent="NPC"]
collision_layer = 2
collision_mask = 2

[node name="CollisionShape" type="CollisionShape" parent="NPC/Area"]
shape = SubResource( 5 )

[node name="UI" type="CanvasLayer" parent="."]
script = ExtResource( 8 )

[node name="Damage" type="ColorRect" parent="UI"]
anchor_right = 1.0
anchor_bottom = 1.0
color = Color( 1, 0, 0, 0 )

[node name="Background" type="ColorRect" parent="UI"]
anchor_right = 1.0
margin_bottom = 30.0
color = Color( 0, 0, 0, 0.501961 )

[node name="Score" type="Label" parent="UI"]
margin_left = 10.0
margin_right = 510.0
margin_bottom = 30.0
text = "Score:"
valign = 1

[node name="Time" type="Label" parent="UI"]
anchor_left = 1.0
anchor_right = 1.0
margin_left = -510.0
margin_right = -10.0
margin_bottom = 30.0
text = "Timer: 00:00"
align = 2
valign = 1

[node name="Timer" type="Timer" parent="UI"]

[node name="Dialogue" type="Control" parent="UI"]
visible = false
anchor_right = 1.0
anchor_bottom = 1.0
script = ExtResource( 9 )

[node name="Background" type="ColorRect" parent="UI/Dialogue"]
anchor_top = 1.0
anchor_right = 1.0
anchor_bottom = 1.0
margin_top = -30.0
color = Color( 0, 0, 0, 0.501961 )

[node name="Text" type="RichTextLabel" parent="UI/Dialogue"]
anchor_top = 1.0
anchor_right = 1.0
anchor_bottom = 1.0
margin_top = -20.0
margin_bottom = 10.0
bbcode_enabled = true
bbcode_text = "[center]Hello[/center]"
text = "Hello"

[connection signal="body_entered" from="NPC/Area" to="NPC" method="_on_Area_body_entered"]
[connection signal="body_exited" from="NPC/Area" to="NPC" method="_on_Area_body_exited"]
[connection signal="timeout" from="UI/Timer" to="UI" method="_on_Timer_timeout"]
